1485233906 1
1485235816 14
1485245767 2225
1485245851 2225
1485248435 5673
1485253187 5538
1485253308 2245
1485256568 68569
1485257110 68555
1486574831 68579
1486652286 68579
1489581841 66491
1489668567 67219
1489669329 67220
1489669499 67220
1489669708 67252
1489732019 67398
1489755913 67976
1489756161 67993
1489756276 67993
1490002107 71303
1490008906 70220
1490015012 70327
1490015777 70327
1490020145 70331
1490092299 70371
1490170927 70576
1490171401 70576
1490175109 70581
1490249091 76601
1490249113 76622
1490249213 76623
1490250340 76627
1490251149 76627
1490254361 76981
1490254965 76981
1490255089 76984
1490255452 76984
1490256099 76909
1490283534 76912
1490369250 77308
1490417740 77450
1490418628 77452
1490975085 77927
1490976264 77941
1491628837 77961
1491629033 77964
1491629121 77963
1491631321 78425
1491631326 78420
1491641572 78420
1492072742 78417
1492073138 78417
1492075218 81479
1492076026 81382
1492076475 80608
1492076544 80608
1492077262 77741
1492417017 77741
1492434473 83055
1492435078 83055
1492515532 83055
1492680562 79487
1492680989 79488
1492683002 79492
1492683372 79492
1492684196 79482
1492684874 79494
1492685853 79502
1492689344 79522
1492689491 79521
1492689584 79520
1493698526 84632
1493698542 84612
1493699101 84616
1493699449 83710
1493700077 83639
1493701363 81938
1493705531 81945
1493705912 81947
1493706214 81951
1493786041 81926
1493786051 81930
1493873609 81987
1493874301 81987
1493887239 82050
